19
23
27
31
35
39
43
46
49
53
55
59
62
63
67
71
75
78
79
83
87
89
92
95
97
100
103
105
108
111
113
115
118
119
121
123
125
127
127
131
134
137
139
142
143
147
149
151
153
155
157
159
159
163
165
167
169
171
172
175
175
177
179
181
183
183
185
187
188
188
190
191
191
193
195
196
198
199
199
200
201
203
203
204
204
204
204
206
206
206
206
206
207
204
203
200
199
198
196
196
195
195
193
193
192
192
192
192
192
190
188
188
187
185
184
184
184
183
182
182
180
180
180
179
179
179
179
177
177
177
177
176
176
176
176
176
176
176
176
176
176
176
176
176
176
176
176
176
176
176
176
176
176
176
175
175
174
174
172
172
172
172
172
172
171
171
171
171
170
170
169
169
169
169
169
169
168
168
168
168
168
168
168
168
168
168
168
168
168
168
168
168
168
168
168
168
168
168
0
